2020-02-03 16:00:00,1478.1300,1486.4000,1477.7400,1482.6100,373754
2020-02-03 15:45:00,1479.2100,1481.2300,1477.9100,1478.4900,181891
2020-02-03 15:30:00,1477.4401,1479.2100,1476.6700,1479.2100,107639
2020-02-03 15:15:00,1477.3000,1478.2300,1476.4800,1477.4261,76870
2020-02-03 15:00:00,1476.3000,1478.0800,1476.1300,1477.5400,63502
2020-02-03 14:45:00,1477.6350,1479.3700,1476.2300,1476.3507,73362
2020-02-03 14:30:00,1476.2267,1477.6801,1474.9000,1477.5118,67641
2020-02-03 14:15:00,1479.4650,1479.5200,1475.7800,1475.7800,68598
2020-02-03 14:00:00,1478.2800,1480.5000,1478.2000,1479.4200,56077
2020-02-03 13:45:00,1475.9688,1479.5035,1475.9006,1478.1490,51219
2020-02-03 13:30:00,1476.3199,1477.6899,1475.5300,1476.1600,56361
2020-02-03 13:15:00,1479.8101,1480.0546,1476.0000,1476.7391,58263
2020-02-03 13:00:00,1474.4000,1480.0900,1473.1800,1479.8500,95368
2020-02-03 12:45:00,1470.2400,1474.6226,1470.1842,1474.2500,53808
2020-02-03 12:30:00,1468.6500,1473.0000,1468.6500,1469.8700,64049
2020-02-03 12:15:00,1470.0500,1472.0400,1468.4200,1468.4200,52855
2020-02-03 12:00:00,1470.2800,1470.4100,1467.8700,1470.2100,59424
2020-02-03 11:45:00,1470.9301,1473.2700,1469.3900,1470.2700,83428
2020-02-03 11:30:00,1474.5100,1474.5100,1470.6300,1470.8101,72216
2020-02-03 11:15:00,1468.2900,1474.4600,1468.2900,1473.6400,81607
2020-02-03 11:00:00,1470.9500,1471.5100,1467.8900,1468.3100,64328
2020-02-03 10:45:00,1474.8500,1475.0300,1470.2300,1470.8199,93670
2020-02-03 10:30:00,1469.7964,1475.2500,1469.5428,1474.8199,103690
2020-02-03 10:15:00,1466.5200,1470.5000,1466.0000,1469.4000,113004
2020-02-03 10:00:00,1459.4399,1466.8999,1459.4399,1466.3800,161434
2020-02-03 09:45:00,1461.6500,1467.2800,1458.9600,1459.2875,393093
2020-01-31 16:00:00,1431.4100,1434.7300,1427.5500,1432.6900,267624
2020-01-31 15:45:00,1430.6015,1433.7908,1429.6468,1431.0115,119110
2020-01-31 15:30:00,1432.7700,1433.9800,1430.8000,1430.8000,77322
2020-01-31 15:15:00,1435.8600,1436.3500,1433.0000,1433.0000,60724
2020-01-31 15:00:00,1436.8000,1437.5900,1436.0000,1436.0000,59999
2020-01-31 14:45:00,1434.2400,1438.5200,1434.0450,1437.0699,54423
2020-01-31 14:30:00,1435.5100,1437.2400,1433.4301,1433.9950,47176
2020-01-31 14:15:00,1434.5400,1437.4449,1434.5400,1435.0200,40014
2020-01-31 14:00:00,1432.0700,1435.2000,1432.0500,1434.7100,36571
2020-01-31 13:45:00,1432.9399,1435.0300,1431.6700,1431.6700,38513
2020-01-31 13:30:00,1433.3000,1434.7400,1432.6500,1433.1200,30777
2020-01-31 13:15:00,1436.2000,1437.6500,1432.6281,1432.6281,34987
2020-01-31 13:00:00,1436.0600,1436.7200,1433.2000,1435.9000,37737
2020-01-31 12:45:00,1435.1277,1437.5516,1431.3857,1436.1978,56784
2020-01-31 12:30:00,1432.6400,1435.8300,1431.4399,1435.2450,31432
2020-01-31 12:15:00,1436.5800,1436.8800,1432.0824,1432.3500,38973
2020-01-31 12:00:00,1436.0200,1438.0200,1435.0000,1436.5200,40732
2020-01-31 11:45:00,1432.3600,1437.9800,1432.3100,1436.3200,46744
2020-01-31 11:30:00,1435.3800,1436.0100,1431.5500,1431.9000,78219
2020-01-31 11:15:00,1440.4650,1440.6200,1435.9500,1435.9550,78450
2020-01-31 11:00:00,1442.6100,1443.1100,1439.9100,1439.9100,75435
2020-01-31 10:45:00,1442.3500,1447.8400,1442.3500,1442.5200,66695
2020-01-31 10:30:00,1447.6300,1448.6700,1442.0300,1442.0300,86017
2020-01-31 10:15:00,1452.4399,1452.8800,1448.0000,1448.0000,79925
2020-01-31 10:00:00,1454.0100,1455.2900,1450.0000,1453.0400,74718
2020-01-31 09:45:00,1467.9214,1471.0838,1451.6251,1453.6257,192195
2020-01-30 16:00:00,1452.4800,1454.3000,1450.8400,1454.3000,127534
2020-01-30 15:45:00,1449.1500,1453.1500,1448.4399,1452.2050,49726
2020-01-30 15:30:00,1447.4200,1449.6700,1446.8600,1448.9800,47158
2020-01-30 15:15:00,1446.2700,1448.3700,1445.8300,1447.1050,44371
2020-01-30 15:00:00,1442.8000,1447.8100,1440.8800,1446.4100,63765
2020-01-30 14:45:00,1443.6169,1448.2100,1441.9700,1441.9706,46080
2020-01-30 14:30:00,1444.6700,1445.4980,1443.7400,1443.7400,27878
2020-01-30 14:15:00,1441.5900,1445.2500,1441.4200,1444.4900,37043
2020-01-30 14:00:00,1441.0500,1441.3900,1439.5900,1441.0100,33793
2020-01-30 13:45:00,1439.3101,1441.7900,1438.9800,1441.1100,31088
2020-01-30 13:30:00,1439.3035,1440.3199,1437.7900,1440.0235,16255
2020-01-30 13:15:00,1438.2800,1439.9700,1438.2800,1439.0500,12035
2020-01-30 13:00:00,1438.1300,1438.3800,1436.4700,1437.7900,23835
2020-01-30 12:45:00,1439.7100,1439.9399,1437.1899,1437.5601,24462
2020-01-30 12:30:00,1441.6801,1443.9700,1439.6000,1439.6001,23286
2020-01-30 12:15:00,1440.4399,1441.6600,1440.3101,1441.6594,16306
2020-01-30 12:00:00,1439.5100,1442.4800,1438.6500,1440.6900,25989
2020-01-30 11:45:00,1438.1000,1440.8700,1437.5601,1439.3199,35700
2020-01-30 11:30:00,1438.4587,1440.3984,1437.0853,1438.5637,54198
2020-01-30 11:15:00,1438.2414,1439.6400,1436.6899,1438.4528,49221
2020-01-30 11:00:00,1437.5800,1441.6000,1437.0300,1438.2000,50355
2020-01-30 10:45:00,1446.6801,1446.6801,1437.4200,1437.5500,43371
2020-01-30 10:30:00,1448.3784,1448.5699,1445.0601,1446.8084,37381
2020-01-30 10:15:00,1444.6200,1450.5500,1443.7400,1448.6200,47017
2020-01-30 10:00:00,1443.9900,1446.1801,1443.6400,1444.9300,56726
2020-01-30 09:45:00,1438.1465,1445.3900,1436.3600,1442.7466,173123
2020-01-29 16:00:00,1459.7900,1461.2900,1456.4700,1456.4800,118641
2020-01-29 15:45:00,1460.2185,1462.1700,1458.8000,1460.5284,42500
2020-01-29 15:30:00,1457.3800,1460.6650,1456.4569,1460.6500,32979
2020-01-29 15:15:00,1461.5400,1461.6801,1456.9600,1456.9600,32057
2020-01-29 15:00:00,1463.1000,1463.1000,1461.1500,1461.4600,31557
2020-01-29 14:45:00,1462.6400,1463.9600,1461.2600,1463.1700,20174
2020-01-29 14:30:00,1461.8800,1463.5800,1461.7200,1462.6400,23506
2020-01-29 14:15:00,1459.7810,1463.9500,1459.3800,1461.9311,29869
2020-01-29 14:00:00,1461.3800,1461.5800,1460.2200,1460.4300,19321
2020-01-29 13:45:00,1459.6600,1461.5500,1459.1400,1461.3000,28080
2020-01-29 13:30:00,1458.3400,1460.3000,1457.8134,1460.1050,20535
2020-01-29 13:15:00,1456.1500,1457.9100,1455.9100,1457.7946,15633
2020-01-29 13:00:00,1456.2800,1456.8600,1455.9600,1456.8100,12398
2020-01-29 12:45:00,1456.4050,1457.0200,1455.5100,1455.8824,14422
2020-01-29 12:30:00,1456.9000,1457.1899,1455.6000,1456.2700,20662
2020-01-29 12:15:00,1455.6400,1457.9449,1455.6400,1457.2418,19398
2020-01-29 12:00:00,1453.6000,1456.2700,1453.4400,1455.8600,12709
2020-01-29 11:45:00,1455.4200,1455.7000,1453.1700,1453.7100,12268
2020-01-29 11:30:00,1453.6801,1455.5900,1453.0699,1455.5500,31641
2020-01-29 11:15:00,1452.1899,1453.6500,1452.0300,1453.1200,27147
2020-01-29 11:00:00,1449.3850,1452.9301,1449.3850,1451.6300,28780
2020-01-29 10:45:00,1447.6768,1450.4700,1446.2000,1449.5568,32857
